40908
458800
227207
690646
372997
315459
222622
315094
97954
347259
146058
385968
253996
187013
108687
125851
439370
112815
90546
96412
77317
56106
103054
86236
391738
86537
49106
117215
547862
54828
161004
30158
68666
52058
68822
97449
55090
33252
42607
66072
94691
12690
25349
13525
86387
118246
32605
19978
14811
34984
65459
17470
723998
529226
19226
26884
28042
42440
42442
146434
146537
13720
13757
19429
70738
141628
160567
58267
19321
176774
102856
25433
13307
4619
17206
4384
88442
18257
5433
4660
210166
36725
12758
10887
8950
1761
1128
88
5918
2225
1955
4964
44
22
22
6
22
22
66
132
88
66
88
22
22
22
