679599    1
383279    1
383146    1
325084    1
318692    1
247761    1
234178    1
182684    1
154700    1
154670    1
145300    1
144303    1
114878    1
100307    1
82938    1
81571    1
79033    1
75478    1
71233    1
67414    1
54466    1
50953    1
45083    1
43405    1
41533    1
41531    1
38233    1
31001    1
27830    1
25238    1
23270    1
21094    1
19728    1
18831    1
18081    1
17782    1
17453    1
17044    1
16954    1
16310    1
16059    1
14404    1
13947    1
13937    1
13850    1
13383    1
13313    1
13210    1
12710    1
12600    1
12401    1
12368    1
12268    1
12258    1
12001    1
11713    1
11371    1
11291    1
11095    1
10469    1
10314    1
10164    1
10047    1
9845    1
9591    1
8178    1
8118    1
7918    1
7783    1
7658    1
7526    1
7097    1
6971    1
6926    1
6832    1
6676    1
6427    1
6388    1
6247    1
6239    1
6209    1
6201    1
6085    1
6074    1
6042    1
6003    1
5928    1
5914    1
5598    1
5336    1
5269    1
5253    1
5204    1
5190    1
5166    1
5152    1
5122    1
5114    1
5085    1
5073    1
5066    1
5031    1
5028    1
4948    1
4864    1
4843    1
4831    1
4641    1
4638    1
4618    1
4582    1
4455    1
4374    1
4297    1
4265    1
4258    1
4219    1
4149    1
4146    1
4125    1
4089    1
3968    1
3964    2
3952    1
3881    1
3792    1
3751    1
3745    1
3705    1
3682    1
3658    1
3646    1
3642    1
3634    1
3631    1
3601    1
3592    1
3431    1
3400    1
3395    1
3364    1
3360    1
3330    1
3324    1
3307    1
3286    1
3229    1
3190    1
3146    1
3138    2
3101    1
3096    1
3079    1
3068    1
3059    1
3026    1
3001    1
3000    1
2973    1
2887    1
2865    1
2854    1
2813    1
2810    1
2798    1
2787    1
2738    1
2696    1
2685    1
2671    1
2661    1
2658    1
2654    1
2623    1
2604    1
2593    1
2585    1
2579    1
2556    1
2553    1
2542    1
2540    1
2536    1
2531    1
2522    1
2490    1
2443    1
2398    1
2378    2
2358    1
2351    1
2346    1
2343    1
2336    1
2321    1
2310    1
2291    1
2277    2
2262    1
2260    1
2259    1
2257    1
2254    1
2232    1
2230    1
2188    1
2185    1
2182    1
2164    1
2151    1
2143    1
2129    1
2127    1
2116    1
2106    1
2104    1
2100    1
2088    1
2052    1
2041    1
2026    1
2010    1
2002    1
1991    1
1987    1
1975    1
1973    1
1971    1
1969    1
1948    1
1915    1
1900    1
1891    1
1886    1
1874    1
1868    1
1854    1
1840    1
1838    1
1832    1
1825    1
1824    1
1817    1
1809    1
1808    1
1804    1
1792    1
1770    1
1760    1
1754    1
1742    1
1737    1
1730    1
1722    1
1715    1
1693    2
1685    1
1683    1
1680    1
1673    1
1656    2
1652    1
1631    1
1614    1
1611    1
1608    1
1605    1
1595    1
1594    1
1592    1
1591    1
1588    1
1582    1
1574    1
1563    1
1552    1
1547    1
1544    1
1542    1
1536    1
1535    1
1518    1
1511    1
1508    1
1501    1
1492    1
1483    1
1482    1
1475    1
1474    1
1473    1
1462    1
1461    1
1452    1
1441    1
1434    1
1430    1
1421    1
1419    1
1414    1
1409    1
1396    1
1389    1
1370    1
1369    1
1362    1
1359    1
1353    1
1337    1
1336    1
1331    1
1327    2
1320    1
1319    1
1307    2
1303    2
1295    1
1294    1
1291    1
1283    1
1282    1
1280    1
1276    1
1272    1
1267    1
1260    1
1258    1
1249    1
1245    1
1243    1
1242    1
1239    2
1237    1
1234    1
1231    1
1227    1
1226    1
1222    1
1218    1
1216    1
1210    1
1205    1
1204    1
1202    1
1201    1
1199    1
1197    1
1195    1
1193    2
1192    2
1178    1
1177    1
1171    1
1162    2
1161    1
1160    1
1159    1
1158    1
1149    1
1143    1
1142    1
1136    1
1124    1
1122    1
1121    3
1110    1
1109    1
1106    1
1103    1
1102    1
1098    2
1093    1
1090    2
1089    1
1088    2
1083    1
1081    2
1078    1
1072    1
1069    1
1064    1
1056    1
1054    1
1053    1
1052    3
1048    1
1033    1
1032    2
1031    1
1023    1
1022    2
1020    1
1016    1
1005    1
1004    2
1002    1
990    1
989    3
988    2
985    1
983    2
981    3
975    1
974    1
973    1
971    1
967    1
966    1
964    1
957    1
955    1
954    1
950    1
945    2
939    1
937    3
936    1
932    1
930    2
926    1
924    4
923    3
921    2
920    1
919    1
910    2
904    2
896    1
895    1
894    1
891    1
890    2
889    1
886    1
884    1
881    1
880    2
874    4
868    1
863    1
861    1
859    1
858    1
856    1
852    1
847    1
846    2
845    1
844    1
842    1
841    1
836    3
835    1
833    1
830    2
829    3
827    1
825    1
823    1
821    3
818    2
809    1
804    1
802    1
800    1
799    1
796    1
793    1
789    1
787    2
786    1
784    2
775    1
772    1
768    3
767    2
766    1
764    1
763    1
759    1
758    2
753    2
752    1
751    1
750    2
748    1
747    1
745    2
744    2
743    1
742    1
741    1
740    1
738    2
736    2
735    1
729    3
728    1
725    1
722    1
721    1
720    1
718    1
716    1
715    1
712    1
711    2
709    2
708    1
706    1
705    1
704    2
701    1
700    1
699    1
698    1
697    1
695    1
692    1
691    1
690    1
689    1
687    1
686    1
684    1
683    2
682    2
680    1
679    2
678    1
677    1
676    2
675    1
674    1
671    4
668    3
667    2
666    3
665    2
664    1
663    4
662    1
661    4
660    7
659    9
658    4
657    2
656    2
655    1
653    2
652    1
651    2
650    1
649    1
648    1
647    1
646    2
645    3
641    1
640    1
638    2
635    1
634    1
633    1
632    1
630    1
629    1
624    1
623    1
622    2
619    1
617    1
616    1
614    2
613    1
612    1
611    1
610    1
607    1
606    1
605    2
604    1
603    1
598    1
596    2
592    3
591    1
590    1
589    1
588    1
584    2
581    1
580    1
577    1
575    1
574    3
571    1
570    2
568    2
567    2
563    1
562    1
561    1
560    1
558    1
557    1
556    1
555    1
554    1
548    2
547    2
546    1
544    1
543    1
542    1
539    1
538    1
537    4
536    5
531    4
529    3
528    2
526    3
525    1
524    2
521    1
520    3
518    2
517    2
516    2
515    3
514    1
513    4
512    1
510    1
508    1
507    2
506    2
503    2
502    3
501    2
500    1
499    3
498    1
496    1
495    3
494    2
490    2
489    1
488    1
486    2
485    2
484    1
483    1
482    1
481    2
480    1
479    2
478    1
477    1
476    1
474    3
473    1
471    2
470    2
469    1
467    2
465    1
464    3
462    1
461    3
460    2
459    3
458    1
457    3
456    1
454    1
452    1
451    1
448    2
447    1
446    3
445    2
444    2
442    2
441    3
439    5
438    6
437    3
435    1
433    4
432    2
431    5
430    3
429    2
428    6
427    1
426    1
425    1
423    2
422    1
420    1
419    1
418    1
417    3
416    5
415    1
414    3
413    1
412    2
411    1
410    1
409    1
407    2
406    2
404    3
402    1
401    5
399    1
398    7
397    1
396    2
395    3
394    2
393    1
392    3
391    2
390    4
389    2
388    1
387    1
386    1
385    6
384    7
383    6
380    5
379    1
378    4
376    3
375    3
374    1
373    2
372    1
370    1
369    2
368    3
367    2
365    2
364    5
363    3
362    3
361    3
360    3
359    3
358    3
357    2
355    2
354    1
353    3
352    2
351    3
350    7
349    1
348    4
347    6
345    4
344    4
343    1
342    2
341    3
340    1
339    1
338    3
337    3
336    6
334    3
333    2
332    3
331    2
330    4
329    3
328    1
327    1
326    3
325    4
324    2
323    5
322    3
319    3
318    2
317    3
316    2
315    2
314    2
313    5
312    3
311    4
310    2
309    1
308    1
307    1
306    6
305    13
304    5
302    3
301    3
300    3
299    7
298    6
297    1
296    2
295    2
294    7
293    3
292    3
291    2
290    2
289    5
288    4
287    3
286    3
285    3
284    3
283    4
282    2
281    1
280    1
279    4
278    2
277    3
276    6
275    3
274    3
273    6
272    3
271    3
270    5
269    3
268    4
267    1
266    2
264    8
263    1
262    2
261    5
260    8
259    4
258    3
257    7
256    6
255    3
254    7
253    7
252    1
251    4
250    4
249    3
248    3
247    4
246    7
245    6
244    8
243    3
242    4
241    3
240    7
239    1
238    9
237    8
236    7
235    4
234    5
233    6
232    6
231    1
230    4
229    2
228    7
227    3
226    2
225    7
224    9
223    4
222    8
221    1
220    3
219    4
218    7
217    5
216    7
215    1
214    10
213    5
212    4
211    4
210    5
209    6
208    10
207    4
206    6
205    4
204    7
203    7
202    8
201    2
200    6
199    12
198    11
197    6
196    6
195    2
194    9
193    8
192    14
191    11
190    9
189    7
188    13
187    6
186    11
185    10
184    6
183    5
182    9
181    6
180    9
179    14
178    8
177    8
176    14
175    12
174    5
173    8
172    9
171    6
170    5
169    8
168    7
167    9
166    6
165    6
164    10
163    11
162    14
161    6
160    2
159    12
158    11
157    16
156    12
155    8
154    7
153    8
152    7
151    10
150    9
149    16
148    15
147    8
146    11
145    12
144    16
143    10
142    9
141    16
140    13
139    11
138    9
137    18
136    19
135    8
134    13
133    11
132    17
131    14
130    15
129    17
128    16
127    16
126    22
125    13
124    10
123    16
122    18
121    11
120    23
119    13
118    13
117    12
116    20
115    15
114    14
113    14
112    16
111    18
110    24
109    17
108    28
107    22
106    15
105    22
104    33
103    19
102    25
101    14
100    31
99    29
98    23
97    15
96    25
95    25
94    27
93    29
92    29
91    25
90    37
89    30
88    40
87    39
86    29
85    29
84    31
83    39
82    26
81    34
80    41
79    43
78    87
77    31
76    40
75    44
74    48
73    48
72    46
71    40
70    40
69    47
68    67
67    40
66    68
65    61
64    49
63    58
62    77
61    57
60    68
59    68
58    57
57    57
56    60
55    86
54    77
53    69
52    74
51    84
50    102
49    89
48    85
47    85
46    107
45    115
44    122
43    90
42    134
41    122
40    140
39    155
38    129
37    148
36    167
35    151
34    205
33    181
32    239
31    203
30    233
29    225
28    276
27    276
26    342
25    319
24    409
23    344
22    452
21    420
20    548
19    509
18    704
17    646
16    859
15    1011
14    1142
13    1074
12    1514
11    1431
10    2122
9    2080
8    3302
7    3370
6    5235
5    6007
4    9063
3    19054
2    20808
1    111254
