51759    1
47405    1
40463    1
36666    1
33555    1
29079    1
28743    1
26195    1
23484    1
22321    1
20531    1
20008    2
19848    1
18724    1
18490    1
17750    1
16394    1
16048    1
15266    1
15231    1
15209    1
14738    1
14715    1
14094    1
13474    1
12749    1
12166    1
11958    1
11814    1
11812    1
11591    1
11259    1
10943    1
10805    1
10755    1
10450    1
10290    1
10264    1
9214    1
9196    1
9140    1
8798    1
8137    1
8114    1
8090    1
7832    1
7813    1
7766    1
7718    1
7568    1
7543    1
7501    1
7446    1
7392    1
7368    1
7367    1
7260    1
6996    1
6981    1
6952    1
6930    1
6666    1
6625    1
6387    1
6315    1
6048    1
5899    1
5652    1
5346    1
5324    1
5191    1
5126    1
4988    1
4620    1
4585    1
4276    1
4275    1
4270    1
4233    1
4200    1
4158    1
4156    2
4136    1
4091    1
3917    1
3762    1
3749    1
3740    1
3605    1
3603    1
3542    2
3432    1
3418    1
3253    1
3146    1
3111    1
3079    1
3071    1
2948    1
2925    1
2887    1
2838    1
2679    1
2618    1
2600    1
2544    1
2525    1
2497    1
2464    1
2462    1
2442    2
2441    1
2438    1
2420    1
2416    1
2398    1
2322    1
2310    1
2244    3
2243    1
2222    1
2178    1
2134    1
2090    1
2044    1
2002    2
1986    1
1958    1
1914    1
1804    2
1802    1
1791    1
1782    1
1759    1
1738    2
1736    1
1683    1
1666    1
1581    1
1562    2
1540    1
1538    1
1518    1
1516    1
1472    1
1442    1
1430    1
1382    1
1364    1
1363    1
1356    1
1341    1
1276    1
1254    4
1232    1
1210    2
1166    2
1163    1
1122    1
1100    4
1078    1
1056    1
1055    1
1048    1
990    1
987    1
966    1
946    1
943    1
924    1
901    1
880    1
878    1
857    1
836    2
834    1
814    2
813    1
812    1
792    1
770    1
768    1
725    1
721    1
718    1
704    1
682    1
660    1
638    1
637    1
594    1
572    3
571    1
550    4
549    1
546    1
527    1
506    3
504    1
488    1
484    6
483    1
481    1
480    1
462    2
461    1
440    5
438    1
418    3
396    3
374    1
369    1
352    3
330    6
308    5
290    1
288    1
286    6
284    1
283    1
282    1
277    2
264    3
263    1
242    5
220    5
216    1
215    1
209    1
198    10
197    1
176    13
175    1
174    1
173    2
154    15
153    1
150    1
149    1
132    8
130    1
110    23
109    2
108    1
100    1
99    1
88    22
87    1
86    2
69    1
66    14
64    1
63    2
44    24
42    1
22    40
8    1
5    1
