1612060    1
1611351    1
1449402    1
171950    1
118745    1
1707    1
1664    1
1580    1
1474    1
1361    1
1331    1
1243    1
1185    1
1069    1
1055    1
1043    1
1003    1
990    1
946    1
930    1
879    1
855    1
835    1
780    1
769    1
762    1
748    1
743    1
728    1
719    1
702    1
687    1
615    1
594    1
593    1
591    1
572    1
564    1
546    1
542    1
538    1
528    3
504    1
497    1
494    1
484    2
482    1
480    1
462    1
458    1
437    2
425    1
423    1
415    1
396    1
394    1
390    1
389    1
372    2
371    1
352    1
346    1
328    1
326    1
323    1
308    3
307    1
303    1
286    3
285    1
281    1
264    7
263    1
262    2
261    4
260    2
242    4
241    1
234    1
232    1
220    3
219    1
218    1
215    1
210    1
198    10
197    1
195    1
194    1
176    4
175    8
173    1
172    1
171    1
154    7
153    2
152    3
151    2
150    1
149    1
132    12
131    4
130    1
129    1
128    1
110    15
109    4
108    2
107    2
106    1
88    26
87    7
86    7
84    2
66    26
65    9
64    1
63    1
44    55
43    19
42    5
22    105
21    23
6    1
5    1
2    1
1    3
