1612060
1611351
1449402
171950
118745
1707
1664
1580
1474
1361
1331
1243
1185
1069
1055
1043
1003
990
946
930
879
855
835
780
769
762
748
743
728
719
702
687
615
594
593
591
572
564
546
542
538
528
528
528
504
497
494
484
484
482
480
462
458
437
437
425
423
415
396
394
390
389
372
372
371
352
346
328
326
323
308
308
308
307
303
286
286
286
285
281
264
264
264
264
264
264
264
263
262
262
261
261
261
261
260
260
242
242
242
242
241
234
232
220
220
220
219
218
215
210
198
198
198
198
198
198
198
198
198
198
197
195
194
176
176
176
176
175
175
175
175
175
175
175
175
173
172
171
154
154
154
154
154
154
154
153
153
152
152
152
151
151
150
149
132
132
132
132
132
132
132
132
132
132
132
132
131
131
131
131
130
129
128
110
110
110
110
110
110
110
110
110
110
110
110
110
110
110
109
109
109
109
108
108
107
107
106
88
88
88
88
88
88
88
88
88
88
88
88
88
88
88
88
88
88
88
88
88
88
88
88
88
88
87
87
87
87
87
87
87
86
86
86
86
86
86
86
84
84
66
66
66
66
66
66
66
66
66
66
66
66
66
66
66
66
66
66
66
66
66
66
66
66
66
66
65
65
65
65
65
65
65
65
65
64
63
44
44
44
44
44
44
44
44
44
44
44
44
44
44
44
44
44
44
44
44
44
44
44
44
44
44
44
44
44
44
44
44
44
44
44
44
44
44
44
44
44
44
44
44
44
44
44
44
44
44
44
44
44
44
44
43
43
43
43
43
43
43
43
43
43
43
43
43
43
43
43
43
43
43
42
42
42
42
42
22
22
22
22
22
22
22
22
22
22
22
22
22
22
22
22
22
22
22
22
22
22
22
22
22
22
22
22
22
22
22
22
22
22
22
22
22
22
22
22
22
22
22
22
22
22
22
22
22
22
22
22
22
22
22
22
22
22
22
22
22
22
22
22
22
22
22
22
22
22
22
22
22
22
22
22
22
22
22
22
22
22
22
22
22
22
22
22
22
22
22
22
22
22
22
22
22
22
22
22
22
22
22
22
22
21
21
21
21
21
21
21
21
21
21
21
21
21
21
21
21
21
21
21
21
21
21
21
6
5
2
1
1
1
