3706654    1
3050671    1
2654807    1
1612060    1
1611351    1
1449402    1
1251787    1
837567    1
826083    1
620789    1
538064    1
422728    1
422560    1
407967    1
265656    1
259288    1
256879    1
239544    1
213311    1
195645    1
185576    1
174419    1
172087    1
171950    1
160647    1
160334    1
155215    1
119144    1
118745    1
115657    1
104523    1
98938    1
95170    1
94030    1
92395    1
92002    1
91565    1
82764    1
80738    1
77964    1
77951    1
77620    1
69583    1
67044    1
65890    1
63064    1
61075    1
60309    1
59718    1
58939    1
58547    1
57384    1
56667    1
55517    1
52755    1
52226    1
50217    1
47437    1
46726    1
45589    1
44530    1
44448    1
43952    1
43026    1
41839    1
41751    1
39970    1
39823    1
39312    1
36521    1
36396    1
36159    1
35733    1
35646    1
35291    1
34795    1
33369    1
33176    1
31406    1
30939    1
30881    1
30816    1
29367    1
29330    1
28785    1
28672    1
28350    1
27710    1
26617    1
26111    1
26092    1
25962    1
25403    1
25002    1
24279    1
23769    1
23517    1
22995    1
22666    1
22387    1
22113    1
22087    1
21813    1
21588    1
21025    1
20890    1
20799    1
20767    1
20763    1
20372    1
19834    1
19533    1
19275    1
19163    1
18905    1
18814    1
18629    1
18477    1
18418    1
18257    1
18221    1
18161    1
17817    1
17357    1
17325    1
16907    1
16768    1
16523    1
16204    1
16061    1
15994    1
15836    1
15787    1
15324    1
15270    1
15245    1
15156    1
15010    1
14998    1
14914    1
14324    1
14306    1
14145    1
14131    1
13991    1
13848    1
13601    1
13600    1
13584    1
13449    1
13305    1
13287    1
13216    1
13039    1
12927    1
12877    1
12735    1
12671    1
12650    1
12511    1
12420    1
12198    1
12081    1
12040    1
11928    1
11907    1
11903    1
11602    1
11495    1
11483    1
11382    1
11327    1
11212    1
11140    1
11040    1
10980    1
10862    1
10846    1
10833    1
10736    1
10653    1
10627    1
10601    1
10577    1
10560    1
10553    1
10544    1
10503    1
10452    1
10349    1
10344    1
10262    1
10250    1
10210    1
10138    1
10095    1
10076    1
9987    1
9953    1
9946    1
9891    1
9863    1
9749    1
9702    1
9593    1
9391    1
9324    1
9293    1
9279    1
9177    1
8982    1
8981    1
8965    1
8962    1
8943    1
8872    1
8868    1
8790    1
8773    1
8678    1
8574    1
8559    1
8552    1
8512    1
8464    1
8437    1
8419    1
8381    1
8377    1
8351    1
8301    1
8163    1
8066    1
7962    1
7883    1
7872    1
7787    1
7778    1
7769    1
7750    1
7743    1
7725    1
7664    1
7626    1
7620    1
7587    1
7525    1
7495    1
7455    1
7450    1
7447    1
7399    1
7371    1
7367    1
7364    1
7352    1
7350    1
7332    1
7326    1
7312    1
7245    1
7123    1
7095    1
7083    1
7048    1
7047    1
7014    1
6989    1
6974    1
6915    1
6888    1
6872    1
6837    1
6816    1
6809    1
6786    1
6732    1
6705    1
6665    1
6663    1
6633    1
6611    1
6598    1
6589    1
6567    1
6563    1
6543    1
6524    1
6503    1
6455    1
6451    1
6420    1
6418    1
6334    1
6315    1
6314    1
6301    1
6280    1
6254    1
6224    1
6183    1
6164    1
6113    1
6092    1
6065    1
6062    1
6048    1
6038    1
6033    1
5989    1
5964    1
5957    1
5954    1
5951    1
5929    1
5826    1
5817    2
5806    1
5805    1
5793    1
5786    1
5766    1
5749    1
5745    1
5704    1
5676    1
5605    2
5570    1
5553    1
5537    1
5521    1
5506    1
5451    1
5447    1
5439    1
5430    2
5415    1
5414    2
5410    1
5402    1
5328    1
5316    1
5307    1
5298    1
5289    1
5277    1
5274    1
5271    1
5249    1
5241    1
5214    1
5211    1
5196    1
5177    1
5126    1
5124    1
5113    1
5112    1
5066    1
5047    1
5038    1
5031    1
5020    1
5015    2
5014    1
4991    1
4990    1
4939    1
4915    1
4913    1
4862    1
4857    1
4854    1
4851    1
4843    1
4832    1
4818    1
4765    1
4762    1
4760    1
4754    1
4736    1
4694    1
4675    1
4660    1
4649    1
4634    1
4621    1
4604    1
4576    1
4569    1
4560    1
4544    1
4540    1
4525    1
4524    1
4516    1
4515    1
4508    1
4505    2
4491    1
4423    1
4408    2
4395    1
4371    1
4353    1
4341    1
4322    1
4318    1
4288    1
4286    1
4267    1
4254    1
4246    1
4241    1
4189    1
4180    1
4171    1
4170    1
4155    1
4120    1
4097    1
4095    1
4028    1
4027    1
4019    1
4007    1
4001    1
3979    1
3974    1
3967    1
3949    1
3941    1
3911    1
3910    1
3906    1
3896    1
3888    1
3875    1
3863    1
3856    1
3843    1
3817    1
3810    1
3795    1
3787    1
3776    1
3773    1
3762    1
3756    2
3740    1
3739    1
3727    1
3723    1
3711    1
3702    1
3692    1
3691    1
3669    1
3663    1
3649    1
3633    1
3630    1
3628    1
3627    1
3623    1
3613    1
3596    1
3595    1
3584    1
3580    1
3579    1
3575    1
3569    1
3563    1
3555    1
3551    1
3548    1
3537    1
3533    1
3504    1
3493    1
3469    1
3468    1
3467    1
3439    1
3430    1
3428    1
3424    1
3401    1
3396    1
3393    1
3388    2
3386    1
3384    1
3378    1
3374    1
3370    1
3350    1
3341    1
3332    1
3331    1
3330    1
3313    1
3310    1
3306    1
3299    1
3290    1
3288    1
3287    1
3270    1
3265    1
3257    1
3256    1
3253    1
3248    1
3243    1
3242    1
3234    1
3233    1
3231    1
3225    1
3211    1
3206    1
3202    1
3201    1
3192    2
3179    1
3177    1
3176    1
3167    1
3162    1
3156    1
3154    1
3152    1
3149    1
3146    1
3142    1
3136    1
3125    1
3123    1
3120    1
3116    1
3113    1
3109    1
3103    1
3102    1
3094    1
3078    1
3075    1
3072    1
3070    1
3060    1
3039    1
3038    1
3037    1
3020    1
3019    1
3015    1
3012    1
3008    1
3005    1
3004    1
2998    1
2979    1
2973    1
2966    1
2964    1
2960    1
2949    1
2934    1
2929    1
2922    1
2903    1
2902    1
2897    1
2896    1
2888    1
2874    1
2865    1
2852    1
2849    2
2835    1
2826    1
2819    1
2804    2
2803    1
2791    1
2789    1
2786    1
2773    1
2766    1
2759    1
2753    2
2752    1
2751    1
2750    1
2731    1
2722    1
2717    1
2715    1
2714    1
2706    1
2703    1
2701    1
2696    1
2692    1
2689    1
2688    1
2687    1
2681    1
2677    1
2657    1
2651    1
2648    1
2638    1
2635    1
2626    1
2625    1
2622    1
2620    1
2617    2
2609    1
2595    1
2591    1
2586    1
2583    1
2579    1
2570    1
2569    1
2566    1
2565    1
2560    1
2559    1
2555    1
2553    1
2552    1
2542    1
2539    1
2535    1
2518    1
2511    1
2500    1
2494    1
2493    1
2489    1
2488    1
2486    1
2481    1
2474    1
2461    1
2456    1
2449    1
2448    1
2439    1
2437    1
2428    1
2413    1
2411    1
2407    1
2403    1
2391    1
2390    1
2389    1
2387    1
2383    1
2381    2
2373    1
2369    2
2366    1
2363    1
2348    1
2343    1
2340    1
2326    1
2320    2
2312    1
2309    1
2305    1
2302    1
2300    1
2299    1
2290    2
2283    1
2280    2
2278    1
2274    1
2268    1
2265    1
2258    1
2256    1
2251    1
2250    1
2241    1
2240    1
2237    1
2235    1
2232    1
2231    1
2220    1
2218    1
2215    1
2213    1
2212    1
2210    1
2208    1
2204    1
2203    1
2199    2
2198    2
2194    1
2190    1
2188    1
2187    1
2183    1
2182    1
2181    1
2175    1
2173    2
2170    1
2169    1
2168    1
2166    1
2165    2
2164    1
2153    1
2150    1
2149    2
2147    1
2141    2
2130    1
2127    1
2124    2
2120    1
2118    1
2115    2
2112    1
2111    1
2102    1
2101    1
2099    1
2098    1
2094    1
2092    2
2091    1
2090    1
2087    1
2086    1
2084    1
2082    1
2081    1
2077    1
2076    1
2067    1
2059    1
2056    1
2054    1
2051    1
2048    1
2047    2
2042    1
2041    1
2040    1
2033    1
2027    2
2025    1
2023    1
2021    1
2017    1
2016    1
2014    1
2012    1
2006    1
2005    1
2001    3
1999    1
1998    1
1995    1
1991    1
1984    2
1977    1
1970    1
1967    1
1965    1
1958    1
1956    1
1955    1
1954    1
1951    1
1949    2
1948    1
1946    2
1941    2
1939    2
1938    1
1936    1
1934    1
1928    1
1925    1
1922    1
1919    1
1918    2
1917    1
1915    1
1913    1
1911    2
1907    1
1906    1
1904    1
1901    1
1899    1
1898    1
1886    1
1882    1
1879    1
1878    1
1877    1
1876    1
1872    1
1871    1
1862    2
1860    1
1856    1
1853    1
1851    1
1847    1
1843    1
1840    1
1839    1
1835    2
1828    1
1826    1
1825    1
1822    1
1817    2
1816    2
1813    2
1807    1
1805    2
1804    2
1802    1
1796    1
1793    1
1785    1
1784    1
1781    1
1777    1
1775    2
1773    1
1772    2
1770    1
1766    2
1764    1
1762    4
1757    1
1751    1
1750    1
1747    2
1746    2
1742    1
1740    1
1739    1
1737    1
1736    1
1734    1
1733    1
1731    1
1725    1
1723    1
1722    1
1721    1
1719    1
1714    1
1712    1
1709    1
1707    1
1704    1
1703    1
1701    2
1700    1
1699    1
1698    1
1697    1
1695    1
1693    2
1691    1
1687    3
1682    1
1680    1
1679    1
1678    1
1673    1
1671    1
1669    1
1667    1
1664    1
1663    1
1649    1
1648    1
1646    1
1645    2
1643    1
1642    1
1640    1
1638    1
1637    1
1631    3
1629    2
1626    1
1623    1
1622    1
1619    1
1617    1
1612    1
1608    2
1606    1
1599    2
1598    1
1597    1
1596    2
1595    1
1594    1
1593    1
1590    1
1588    3
1580    3
1579    1
1572    1
1568    1
1567    1
1564    1
1562    1
1561    1
1559    1
1555    2
1554    2
1553    2
1549    2
1548    1
1545    1
1543    1
1542    1
1540    1
1539    1
1538    1
1536    2
1535    1
1534    2
1533    2
1531    1
1529    1
1528    2
1527    1
1525    1
1521    2
1519    1
1517    1
1515    1
1514    1
1511    1
1509    1
1506    1
1504    1
1503    1
1502    1
1501    1
1500    1
1499    3
1492    2
1491    2
1490    1
1489    1
1488    1
1484    1
1481    1
1476    1
1474    2
1472    1
1471    1
1465    1
1464    1
1460    1
1459    3
1458    1
1456    1
1454    1
1453    1
1452    1
1449    1
1448    3
1444    1
1443    3
1442    2
1441    1
1439    2
1438    1
1436    1
1435    1
1434    1
1433    1
1432    1
1428    2
1427    1
1423    1
1422    1
1417    1
1416    1
1413    1
1411    1
1410    2
1408    1
1407    2
1406    1
1405    1
1404    2
1403    1
1402    1
1401    1
1397    2
1394    2
1387    1
1385    1
1380    2
1376    1
1375    2
1374    2
1373    1
1370    1
1368    2
1367    1
1365    2
1363    2
1361    1
1358    1
1354    3
1353    1
1350    1
1349    1
1347    1
1345    1
1344    2
1341    1
1336    1
1335    1
1334    1
1331    1
1329    1
1328    1
1327    1
1325    1
1324    1
1323    1
1321    1
1318    1
1315    1
1314    1
1312    1
1310    1
1307    2
1304    1
1303    3
1302    1
1301    1
1298    1
1297    1
1295    1
1294    2
1293    1
1292    1
1289    1
1288    1
1287    2
1286    2
1285    1
1282    1
1280    1
1278    1
1277    1
1272    1
1270    1
1268    3
1266    2
1264    1
1262    1
1261    1
1260    2
1258    1
1257    1
1256    2
1254    1
1253    1
1252    1
1251    2
1250    2
1245    1
1243    2
1242    2
1238    1
1237    2
1236    1
1235    1
1234    2
1232    1
1230    2
1229    2
1225    1
1221    2
1220    1
1218    3
1217    2
1215    2
1214    1
1213    1
1212    1
1208    2
1204    1
1202    1
1201    1
1200    1
1197    1
1196    2
1194    2
1191    1
1190    2
1188    1
1187    1
1186    3
1185    1
1183    1
1181    1
1180    1
1179    1
1178    3
1177    2
1176    1
1173    1
1172    1
1167    1
1166    2
1165    2
1164    1
1163    1
1162    4
1161    1
1158    1
1157    2
1156    2
1152    3
1148    1
1147    2
1146    1
1145    1
1144    2
1143    2
1142    1
1141    1
1139    2
1138    2
1137    1
1133    1
1131    2
1130    1
1128    3
1127    1
1126    1
1125    1
1123    2
1122    1
1121    2
1120    2
1119    2
1116    1
1115    3
1114    1
1113    2
1112    1
1111    1
1110    3
1107    1
1106    1
1105    2
1103    1
1102    1
1100    1
1099    3
1097    1
1095    1
1094    1
1092    1
1091    1
1089    2
1088    1
1087    1
1086    2
1085    2
1084    2
1083    1
1082    1
1081    2
1078    1
1076    1
1075    1
1074    1
1073    1
1072    1
1070    2
1069    1
1068    1
1067    2
1064    1
1062    1
1061    1
1060    2
1059    1
1058    1
1056    1
1055    3
1053    2
1052    2
1051    1
1049    1
1047    1
1043    1
1042    2
1041    1
1040    3
1039    5
1038    2
1037    2
1036    1
1035    2
1033    2
1032    3
1031    2
1030    1
1028    2
1027    5
1025    1
1023    3
1022    2
1021    1
1020    1
1019    1
1018    1
1015    3
1014    1
1013    1
1012    2
1011    2
1010    3
1008    1
1007    2
1006    1
1005    1
1003    1
1002    1
1001    2
994    2
992    2
991    2
990    1
989    1
986    3
985    2
984    1
983    1
981    3
980    1
976    1
974    1
973    1
972    1
971    1
970    1
969    1
967    4
966    2
965    5
964    2
962    1
961    1
960    1
959    2
957    2
956    2
955    1
953    1
952    1
950    2
949    1
947    1
946    1
945    2
944    2
943    3
941    1
940    3
939    2
938    2
937    1
936    1
935    2
934    2
933    1
932    4
931    2
930    2
929    1
928    2
926    2
925    2
923    1
922    1
921    1
920    2
919    2
918    2
916    2
915    1
914    2
913    5
912    2
911    3
910    2
909    2
908    1
906    4
904    2
901    2
900    2
899    4
898    1
896    2
895    5
894    1
893    1
891    2
890    1
889    1
888    5
887    3
885    2
884    2
883    1
882    3
881    2
880    3
879    3
878    3
877    1
876    2
874    1
873    1
872    2
871    1
870    2
869    1
868    2
867    2
865    1
864    3
863    1
862    1
861    2
860    1
859    3
858    2
857    3
856    2
855    1
854    1
851    3
850    1
848    1
847    1
846    4
845    1
844    2
843    1
842    2
841    2
840    1
839    2
838    2
837    1
835    5
834    2
833    1
832    2
829    2
828    4
827    2
826    1
823    3
821    3
820    1
819    3
817    1
816    5
815    4
814    2
813    4
812    1
811    2
810    1
809    3
808    3
806    2
805    3
804    2
803    4
802    2
801    2
800    2
798    4
797    1
796    5
795    4
794    2
793    3
792    1
791    2
790    3
789    2
788    1
787    1
786    2
785    5
784    1
783    1
781    1
780    1
779    2
778    3
777    3
775    1
774    1
773    3
772    2
771    3
770    4
769    3
768    2
767    2
766    2
765    5
764    2
763    4
762    5
761    3
760    2
759    3
758    2
757    1
756    1
754    3
753    3
752    2
751    1
750    2
748    1
747    3
746    1
745    1
744    1
743    1
742    2
741    3
740    2
739    6
738    3
737    1
736    2
735    2
734    4
733    2
731    1
730    4
729    1
728    1
727    5
726    4
725    3
724    2
723    2
722    2
721    2
720    4
719    5
718    1
717    4
716    1
714    4
712    3
711    5
710    2
709    4
708    3
707    1
706    2
705    3
704    2
702    3
700    4
698    2
697    1
696    2
695    2
694    4
693    1
692    2
691    2
690    1
689    2
688    1
687    3
685    4
684    3
683    3
682    3
681    1
680    1
679    5
678    1
677    6
676    6
674    7
673    2
672    2
671    4
670    2
669    2
667    3
666    3
665    1
664    3
663    3
662    3
661    1
660    5
659    3
658    7
657    1
656    3
655    1
654    2
653    3
652    2
651    1
650    4
649    2
648    3
647    2
646    2
645    2
644    1
643    3
642    6
640    2
639    3
638    3
637    8
636    1
635    2
634    2
633    2
632    5
631    2
629    3
628    2
627    2
626    3
625    3
624    4
623    3
622    2
621    4
620    2
619    3
618    1
617    2
616    3
615    6
614    1
613    2
612    2
611    6
610    4
609    3
606    1
605    5
604    2
603    2
602    1
601    2
600    3
599    2
598    1
597    5
596    4
595    2
594    6
593    5
592    1
591    2
590    1
589    6
588    1
587    3
586    7
585    5
584    5
583    3
582    3
581    2
580    6
579    3
578    3
577    2
576    1
575    2
573    6
572    4
571    3
570    5
569    3
568    3
567    5
566    5
565    3
564    2
563    5
562    5
561    5
560    5
559    3
558    4
557    4
556    4
555    4
554    5
553    9
552    3
551    3
550    5
549    4
548    2
547    3
546    2
545    4
544    9
543    3
542    2
541    3
540    7
539    1
538    2
537    5
536    4
535    4
534    1
533    6
532    5
531    3
530    2
529    5
528    5
527    3
526    2
525    10
524    1
523    5
522    3
521    5
520    2
519    4
518    8
517    4
516    6
515    7
514    2
513    1
512    4
511    8
510    4
509    5
508    4
507    7
506    6
505    3
504    6
503    2
502    4
501    2
499    5
498    6
497    8
496    8
495    5
494    2
493    3
492    6
491    6
490    3
489    3
488    4
487    3
486    6
485    6
484    5
483    2
482    4
481    9
480    3
479    9
478    11
477    3
476    5
475    5
474    5
473    5
472    4
471    7
470    3
469    6
468    10
467    2
466    2
465    6
464    5
463    1
462    3
461    3
460    3
459    5
458    7
457    1
456    6
455    5
454    6
453    10
452    4
451    4
450    4
449    3
448    7
447    7
446    3
445    6
444    3
443    5
442    10
441    6
440    3
439    6
438    8
437    2
436    6
435    6
434    3
433    8
432    1
431    8
430    7
429    6
428    7
427    11
426    6
425    4
424    5
423    5
422    3
421    6
420    5
419    11
418    6
417    9
416    9
415    7
414    7
413    9
412    4
411    6
410    5
409    8
408    4
407    11
406    5
405    5
404    6
403    5
402    9
401    12
400    6
399    8
398    4
397    7
396    7
395    8
394    5
393    4
392    9
391    2
390    7
389    6
388    11
387    5
386    4
385    5
384    9
383    6
382    7
381    6
380    2
379    6
378    9
377    6
376    11
375    7
374    6
373    8
372    5
371    13
370    10
369    7
368    8
367    6
366    7
365    8
364    10
363    12
362    17
361    8
360    9
359    9
358    9
357    9
356    8
355    3
354    4
353    6
352    12
351    6
350    14
349    12
348    11
347    9
346    6
345    5
344    7
343    7
342    6
341    19
340    8
339    9
338    4
337    9
336    8
335    7
334    7
333    9
332    16
331    11
330    12
329    11
328    8
327    8
326    13
325    15
324    6
323    9
322    13
321    10
320    15
319    9
318    11
317    8
316    9
315    15
314    13
313    8
312    12
311    7
310    13
309    9
308    7
307    4
306    9
305    8
304    7
303    12
302    10
301    10
300    18
299    10
298    9
297    19
296    10
295    10
294    15
293    12
292    10
291    9
290    7
289    15
288    7
287    14
286    14
285    10
284    10
283    15
282    12
281    9
280    10
279    14
278    17
277    12
276    10
275    13
274    6
273    13
272    13
271    20
270    17
269    15
268    18
267    21
266    10
265    12
264    19
263    16
262    14
261    13
260    12
259    15
258    13
257    8
256    16
255    15
254    16
253    15
252    16
251    17
250    17
249    11
248    19
247    10
246    22
245    12
244    16
243    16
242    12
241    17
240    18
239    9
238    28
237    11
236    21
235    25
234    15
233    22
232    14
231    16
230    15
229    10
228    22
227    15
226    20
225    25
224    23
223    26
222    19
221    20
220    28
219    20
218    17
217    13
216    19
215    20
214    19
213    31
212    16
211    16
210    19
209    18
208    17
207    20
206    16
205    17
204    23
203    16
202    24
201    20
200    21
199    21
198    24
197    24
196    40
195    22
194    25
193    29
192    22
191    20
190    37
189    26
188    30
187    14
186    21
185    28
184    29
183    26
182    23
181    30
180    30
179    18
178    32
177    36
176    30
175    62
174    40
173    27
172    33
171    29
170    35
169    38
168    37
167    45
166    47
165    32
164    41
163    42
162    31
161    30
160    43
159    32
158    40
157    28
156    39
155    26
154    52
153    31
152    53
151    33
150    46
149    47
148    50
147    30
146    47
145    40
144    32
143    41
142    41
141    45
140    33
139    45
138    49
137    53
136    35
135    33
134    45
133    43
132    57
131    56
130    50
129    49
128    48
127    48
126    50
125    55
124    57
123    46
122    52
121    59
120    60
119    75
118    53
117    68
116    79
115    64
114    67
113    52
112    63
111    67
110    92
109    83
108    68
107    63
106    71
105    89
104    81
103    92
102    82
101    82
100    85
99    77
98    89
97    103
96    60
95    78
94    93
93    91
92    114
91    110
90    100
89    111
88    157
87    121
86    131
85    130
84    129
83    144
82    149
81    144
80    152
79    162
78    128
77    159
76    131
75    137
74    158
73    167
72    160
71    150
70    165
69    178
68    183
67    196
66    224
65    224
64    242
63    220
62    226
61    216
60    200
59    232
58    224
57    247
56    280
55    247
54    282
53    306
52    259
51    321
50    337
49    351
48    377
47    348
46    378
45    423
44    560
43    479
42    515
41    434
40    504
39    488
38    526
37    538
36    580
35    610
34    683
33    678
32    744
31    760
30    828
29    902
28    1047
27    1039
26    1155
25    1218
24    1382
23    1461
22    1902
21    1961
20    1952
19    1993
18    2361
17    2586
16    3152
15    3199
14    3963
13    4383
12    5811
11    6278
10    7853
9    9823
8    12698
7    17714
6    27282
5    29262
4    46141
3    63897
2    129778
1    542592
