2
2
4
1
1
2
1
1
3
1
1
2
2
1
1
5
1
9
7
1
1
1
2
10
62
13
5
6
130
130
16
1
2
3
1
33
2
10
5
5
11
3
24
5
8
1
1
1
97
3
2
1
2
3
1
1
1
1
1
1
1
1
1
2
14
1
1
2
1
1
1
1
1
1
1
6
3
3
3
1
1
55
33
6
4
6
8
5
10
4
2
10
2
7
5
11
8
6
5
6
7
6
2
7
5
6
5
6
6
2
11
6
6
26
5
6
5
5
6
10
6
6
6
6
5
7
5
6
1
1
1
30
1
4
4
2
1
1
4
2
2
46
45
2
2
4
45
2
5
1
3
1
1
2
7
6
2
1
1
1
1
2
4
4
4
7
1
1
6
12
1
1
13
13
13
26
2
1
1
1
1
1
1
2
13
1
12
1
1
2
37
68
3
2
1
2
2
2
1
2
1
1
2
24
1
26
1
2
1
1
2
1
1
2
1
1
2
1
1
1
2
1
1
1
1
2
2
2
1
43
22
2
1
1
10
13
8
16
8
3
26
18
1
9
9
9
6
10
5
5
3
5
3
1
3
1
1
3
1
1
4
1
2
3
1
1
66
1
1
48
2
11
6
2
64
4
1
3
1
1
6
7
1
1
34
22
2
14
14
8
3
1
1
11
8
6
5
2
14
8
1
2
17
35
2
11
13
12
12
12
24
6
6
6
6
6
7
11
27
11
31
31
15
13
11
13
12
2
2
25
40
2
1
1
1
1
19
36
2
2
1
10
10
10
21
5
104
10
5
4
4
5
1
1
1
3
2
7
6
2
3
3
2
2
2
2
1
7
2
2
2
1
1
4
2
29
7
7
3
2
2
2
2
2
8
3
2
2
2
2
2
4
1
7
11
34
14
25
4
3
4
1
2
3
6
1
3
8
3
1
1
4
2
4
2
1
1
1
1
1
2
1
2
1
4
3
1
1
2
1
1
13
22
87
22
2
4
4
1
1
1
1
1
1
2
10
1
1
1
1
1
1
2
2
1
3
4
4
1
1
1
1
3
3
3
3
3
3
2
2
2
2
3
3
3
2
2
2
2
2
3
2
2
3
1
1
1
1
1
1
3
1
32
3
4
7
8
2
2
3
5
5
6
1
14
1
1
1
2
2
1
1
1
1
1
12
12
12
12
2
3
2
4
1
1
1
2
1
1
1
1
1
1
1
1
1
1
2
1
4
1
1
1
1
1
1
1
3
3
1
1
1
2
1
2
1
1
1
1
1
3
2
3
1
1
1
1
1
1
1
2
1
1
1
1
1
1
1
1
1
1
1
1
1
1
1
1
1
3
1
1
5
1
1
1
8
4
4
4
1
1
1
1
1
1
1
1
1
1
1
1
2
1
1
1
63
176
176
761
760
31
31
53
43
340
159
542
195
1046
62
93
170
42
320
80
30
22
