51759
47405
40463
36666
33555
29079
28743
26195
23484
22321
20531
20008
20008
19848
18724
18490
17750
16394
16048
15266
15231
15209
14738
14715
14094
13474
12749
12166
11958
11814
11812
11591
11259
10943
10805
10755
10450
10290
10264
9214
9196
9140
8798
8137
8114
8090
7832
7813
7766
7718
7568
7543
7501
7446
7392
7368
7367
7260
6996
6981
6952
6930
6666
6625
6387
6315
6048
5899
5652
5346
5324
5191
5126
4988
4620
4585
4276
4275
4270
4233
4200
4158
4156
4156
4136
4091
3917
3762
3749
3740
3605
3603
3542
3542
3432
3418
3253
3146
3111
3079
3071
2948
2925
2887
2838
2679
2618
2600
2544
2525
2497
2464
2462
2442
2442
2441
2438
2420
2416
2398
2322
2310
2244
2244
2244
2243
2222
2178
2134
2090
2044
2002
2002
1986
1958
1914
1804
1804
1802
1791
1782
1759
1738
1738
1736
1683
1666
1581
1562
1562
1540
1538
1518
1516
1472
1442
1430
1382
1364
1363
1356
1341
1276
1254
1254
1254
1254
1232
1210
1210
1166
1166
1163
1122
1100
1100
1100
1100
1078
1056
1055
1048
990
987
966
946
943
924
901
880
878
857
836
836
834
814
814
813
812
792
770
768
725
721
718
704
682
660
638
637
594
572
572
572
571
550
550
550
550
549
546
527
506
506
506
504
488
484
484
484
484
484
484
483
481
480
462
462
461
440
440
440
440
440
438
418
418
418
396
396
396
374
369
352
352
352
330
330
330
330
330
330
308
308
308
308
308
290
288
286
286
286
286
286
286
284
283
282
277
277
264
264
264
263
242
242
242
242
242
220
220
220
220
220
216
215
209
198
198
198
198
198
198
198
198
198
198
197
176
176
176
176
176
176
176
176
176
176
176
176
176
175
174
173
173
154
154
154
154
154
154
154
154
154
154
154
154
154
154
154
153
150
149
132
132
132
132
132
132
132
132
130
110
110
110
110
110
110
110
110
110
110
110
110
110
110
110
110
110
110
110
110
110
110
110
109
109
108
100
99
88
88
88
88
88
88
88
88
88
88
88
88
88
88
88
88
88
88
88
88
88
88
87
86
86
69
66
66
66
66
66
66
66
66
66
66
66
66
66
66
64
63
63
44
44
44
44
44
44
44
44
44
44
44
44
44
44
44
44
44
44
44
44
44
44
44
44
42
22
22
22
22
22
22
22
22
22
22
22
22
22
22
22
22
22
22
22
22
22
22
22
22
22
22
22
22
22
22
22
22
22
22
22
22
22
22
22
22
8
5
