45151    1
20008    2
14715    1
13474    1
11259    1
7568    1
6603    1
5107    1
4988    1
4276    1
4275    1
4270    1
3064    1
2956    1
2887    1
2739    1
2382    1
2331    1
2274    1
2057    1
1891    1
1736    1
1617    1
1613    1
1597    1
1382    1
1364    1
1349    1
1234    1
1210    1
1203    1
1194    1
1115    1
1060    1
1055    1
994    1
928    1
924    1
892    1
848    1
827    1
821    1
797    1
762    1
707    1
618    1
601    1
588    1
583    1
571    1
567    1
547    1
546    1
536    1
509    1
499    1
460    1
442    1
413    1
396    1
384    1
382    1
374    2
373    1
371    1
365    1
363    1
348    1
330    3
310    1
306    1
293    1
288    1
287    1
286    1
281    1
279    1
277    2
271    1
270    1
268    1
267    1
266    1
264    3
249    1
242    4
240    1
237    1
234    1
231    1
226    1
222    1
220    3
219    1
212    1
211    1
208    1
202    1
198    4
195    1
193    1
192    1
190    1
188    1
186    1
184    1
183    1
177    1
176    7
175    1
174    1
166    1
162    2
159    1
158    2
154    12
149    1
148    1
147    3
143    3
142    2
141    2
139    2
137    1
133    2
132    13
130    3
128    2
126    2
124    1
123    2
122    1
120    1
119    2
118    2
115    1
114    1
113    1
111    12
110    29
109    5
108    3
107    2
106    1
105    3
104    1
103    1
102    4
100    2
99    3
95    1
94    2
93    2
91    2
89    1
88    63
87    6
86    1
85    4
84    8
81    1
80    1
79    1
78    3
77    2
76    2
75    3
74    3
73    3
72    1
71    3
68    1
67    7
66    84
65    6
64    6
63    15
62    3
61    3
60    3
59    3
58    5
57    7
56    4
55    2
54    4
53    7
52    7
51    3
50    2
49    3
48    5
47    3
46    7
45    9
44    244
43    10
42    27
41    3
40    10
39    5
38    13
37    5
36    9
35    6
34    8
33    4
32    12
31    12
30    12
29    16
28    16
27    9
26    20
25    18
24    20
23    17
22    923
21    121
20    34
19    25
18    22
17    23
16    39
15    33
14    35
13    46
12    57
11    82
10    78
9    122
8    146
7    124
6    242
5    342
4    415
3    432
2    700
1    929
