5546880
5543801
5376584
1332
1318
1276
1122
968
699
682
594
572
572
572
462
462
462
462
440
418
374
330
286
264
264
264
264
242
242
220
220
198
198
198
176
176
176
176
154
154
154
153
152
132
132
132
132
132
132
127
124
110
110
110
110
110
110
107
88
88
88
88
88
88
88
86
66
66
66
66
66
66
66
66
66
66
66
66
65
44
44
44
44
44
44
44
44
44
44
44
44
44
44
44
44
44
44
43
43
43
43
40
40
24
24
22
22
22
22
22
22
22
22
22
22
22
22
22
22
22
22
22
22
22
22
22
22
22
22
22
22
22
22
22
22
22
22
22
22
22
22
22
22
22
22
22
22
22
22
22
22
21
21
21
21
20
20
20
20
20
20
20
20
18
18
14
14
12
12
12
12
12
12
12
12
9
9
9
9
9
9
9
9
7
7
7
7
7
7
7
7
6
3
2
2
2
2
1
1
1
1
1
1
1
1
1
