7926204    1
6464271    1
6396744    1
5546880    1
5543801    1
5376584    1
3936474    1
3355109    1
3191035    1
2809336    1
2128417    1
1472843    1
1391067    1
1390952    1
1174811    1
936351    1
901703    1
894329    1
756319    1
750561    1
672124    1
616862    1
566721    1
566364    1
546180    1
544467    1
533269    1
431185    1
413065    1
343357    1
329858    1
325104    1
319617    1
297771    1
283981    1
279082    1
276868    1
275871    1
256690    1
241846    1
239596    1
226209    1
222703    1
207611    1
199851    1
180304    1
177708    1
175958    1
162676    1
159901    1
159133    1
157405    1
146632    1
144501    1
143552    1
142736    1
136184    1
130136    1
128273    1
124493    1
118973    1
116177    1
112442    1
112388    1
111055    1
108595    1
107736    1
100195    1
98361    1
97780    1
94170    1
93192    1
92723    1
90793    1
90275    1
88906    1
87426    1
85544    1
81720    1
81085    1
79076    1
77514    1
77366    1
76854    1
76632    1
76207    1
76140    1
75932    1
74407    1
73227    1
72943    1
72763    1
72654    1
72563    1
72234    1
70734    1
67680    1
65460    1
64045    1
63616    1
62908    1
62621    1
62519    1
62392    1
61157    1
60225    1
59642    1
59278    1
58716    1
57898    1
57618    1
57372    1
57124    1
56909    1
56601    1
55853    1
55809    1
55297    1
54943    1
54471    1
54409    1
54371    1
54208    1
52896    1
52360    1
52302    1
52213    1
51850    1
49576    1
49508    1
48109    1
47069    1
46840    1
46239    1
45486    1
45272    1
44645    1
44487    1
43871    1
43519    1
43112    1
42799    1
42704    1
41857    1
40755    1
40513    1
40434    1
40319    1
39645    1
39435    1
39094    1
39038    1
38848    1
38827    1
38743    1
38345    1
38110    1
37990    1
37728    1
37683    1
37494    1
37487    1
37433    1
37421    1
37408    1
37368    1
36621    1
35534    1
35220    1
34833    1
34740    1
34692    1
34370    1
34351    1
34092    1
33784    1
33329    1
33287    1
33092    1
33051    1
32870    1
32771    1
32626    1
32377    1
31991    1
31925    1
31647    1
31547    1
30118    1
29784    1
29740    1
29428    1
29054    1
29009    1
28972    1
28948    1
28863    1
28812    1
28690    1
28494    1
28396    1
28395    1
28383    1
28310    1
28293    1
28258    1
27938    1
27510    1
27497    1
27365    1
26957    1
26916    1
26663    1
26476    1
26475    1
26465    1
26332    1
26281    1
26265    1
26097    1
25658    1
25614    1
25484    1
25476    1
25377    1
25165    1
25145    1
25096    1
25066    2
25054    1
24980    1
24720    1
24683    1
24387    1
24356    1
24213    1
24016    1
23961    1
23927    1
23834    1
23739    1
23712    1
23623    1
23294    1
23144    1
22852    1
22812    1
22761    1
22534    1
22345    1
22284    1
22220    1
22100    1
22084    1
21971    1
21967    1
21791    1
21759    1
21625    1
21466    1
21343    1
21296    1
21217    1
21146    1
21125    1
21101    2
21057    2
21049    1
20928    1
20761    1
20759    1
20501    1
20286    1
20252    1
20236    1
20110    1
19910    1
19761    1
19660    1
19655    1
19633    1
19503    1
19500    1
19442    1
19354    1
19293    1
19168    1
19133    1
19049    1
19040    1
18994    1
18959    1
18879    2
18693    2
18516    1
18503    1
18445    1
18444    1
18376    1
18375    1
18360    1
18332    1
18176    1
18164    1
18003    1
17817    1
17752    1
17683    1
17577    1
17550    1
17442    1
17382    1
17306    1
17285    1
17242    1
17239    1
17139    1
16895    1
16848    1
16847    1
16839    1
16782    1
16772    1
16761    1
16748    1
16652    1
16633    1
16559    1
16511    1
16485    1
16476    1
16453    1
16428    1
16382    1
16365    1
16283    1
16269    1
16262    1
16240    1
16239    1
16206    1
16199    1
16134    1
16107    1
16058    1
16046    2
16005    1
15955    1
15926    1
15877    1
15842    1
15827    1
15784    1
15773    1
15625    1
15519    1
15483    1
15430    1
15406    1
15291    1
15207    1
15071    1
15047    1
15038    1
14978    1
14907    1
14856    1
14844    1
14789    1
14753    1
14674    1
14609    1
14545    2
14510    1
14488    1
14481    1
14451    1
14433    1
14390    1
14374    1
14311    1
14092    1
14064    1
14042    1
14003    1
13983    1
13966    1
13900    1
13827    1
13817    1
13807    1
13800    1
13778    1
13723    1
13688    1
13654    1
13581    1
13525    1
13470    1
13462    1
13406    1
13378    1
13368    1
13348    1
13347    1
13300    1
13273    1
13247    1
13242    1
13227    1
13181    1
13171    1
13131    1
13065    1
13023    1
12995    1
12994    1
12986    1
12985    1
12953    2
12951    1
12910    1
12902    1
12874    1
12859    1
12830    1
12787    1
12775    1
12748    1
12718    1
12700    1
12685    1
12665    1
12604    1
12587    1
12524    1
12493    1
12468    1
12427    1
12400    1
12395    1
12377    1
12326    1
12304    1
12295    1
12280    1
12278    1
12254    1
12219    1
12193    1
12192    1
12107    1
12001    1
11993    1
11990    2
11971    1
11968    1
11965    1
11849    1
11825    2
11779    1
11778    1
11756    1
11742    1
11736    1
11700    1
11661    1
11621    1
11620    1
11618    1
11485    1
11445    1
11426    1
11383    2
11378    1
11264    1
11259    1
11227    1
11134    1
11121    1
11102    1
11098    1
10953    1
10887    1
10864    1
10830    1
10788    1
10785    1
10738    1
10698    1
10677    1
10659    1
10649    1
10635    1
10621    1
10570    1
10525    1
10521    1
10499    1
10457    1
10423    1
10365    1
10357    1
10328    1
10310    1
10289    1
10230    1
10173    1
10149    1
10128    1
10092    1
10078    1
10064    1
10057    1
10030    1
10021    1
10001    1
9988    1
9980    1
9951    1
9934    1
9927    1
9899    1
9868    1
9861    1
9823    1
9807    1
9804    1
9774    1
9765    1
9740    1
9714    1
9711    1
9709    1
9696    1
9684    1
9680    1
9678    1
9676    1
9656    1
9594    1
9588    1
9553    1
9521    1
9499    1
9496    1
9479    1
9476    1
9457    1
9429    1
9361    1
9359    1
9354    1
9332    1
9329    1
9317    1
9316    1
9303    1
9275    1
9267    1
9256    1
9242    1
9201    1
9171    1
9161    1
9158    1
9148    1
9136    2
9128    1
9124    1
9077    1
9054    1
8993    1
8974    1
8967    1
8941    1
8925    1
8917    1
8881    1
8875    1
8870    1
8868    1
8859    1
8849    1
8821    1
8818    1
8809    1
8793    1
8769    1
8754    1
8677    1
8672    2
8658    1
8646    1
8619    1
8606    2
8592    1
8588    1
8545    1
8541    1
8521    1
8514    1
8501    1
8500    1
8454    1
8425    1
8395    1
8372    1
8369    1
8358    1
8347    1
8319    1
8304    1
8265    1
8252    1
8251    1
8241    1
8230    1
8203    1
8199    1
8198    1
8174    1
8168    1
8164    1
8130    1
8119    1
8117    1
8033    1
8032    1
7993    1
7975    1
7970    1
7966    1
7943    1
7938    1
7920    1
7899    1
7892    1
7881    1
7873    1
7850    1
7825    1
7824    1
7814    2
7782    2
7750    1
7734    1
7708    1
7704    1
7639    1
7623    1
7607    1
7606    1
7599    1
7564    1
7551    1
7543    1
7540    1
7534    1
7526    1
7524    1
7520    1
7519    1
7513    1
7498    1
7490    1
7477    1
7467    1
7436    1
7428    1
7426    1
7418    1
7417    1
7414    1
7410    1
7398    1
7388    1
7371    2
7369    1
7346    1
7339    1
7328    1
7325    1
7303    1
7302    1
7292    1
7291    1
7277    1
7268    1
7267    1
7251    1
7221    1
7216    1
7204    1
7197    1
7178    1
7177    1
7146    1
7145    1
7139    1
7126    3
7122    1
7088    1
7074    1
7064    1
7059    1
7055    1
7047    1
7036    1
7027    1
7009    1
6999    1
6988    1
6976    1
6972    1
6952    1
6941    1
6940    1
6923    1
6921    1
6919    1
6875    1
6852    1
6813    2
6804    1
6792    1
6789    1
6782    1
6771    1
6767    2
6763    1
6758    1
6748    1
6747    1
6734    1
6723    1
6720    1
6699    1
6687    1
6680    1
6669    1
6660    1
6651    1
6646    1
6642    1
6624    1
6589    1
6575    1
6566    1
6557    1
6556    1
6549    1
6540    1
6539    1
6518    1
6513    1
6478    1
6477    1
6455    1
6436    1
6383    1
6380    1
6364    1
6356    1
6355    1
6327    1
6304    1
6298    1
6290    1
6275    1
6266    1
6262    1
6252    1
6240    1
6229    1
6227    1
6211    1
6205    1
6203    1
6202    1
6186    1
6185    1
6178    1
6157    1
6156    1
6138    1
6129    1
6120    2
6114    1
6108    1
6105    1
6089    1
6088    1
6086    1
6082    1
6079    1
6075    1
6055    1
6048    1
6033    1
6031    1
6030    1
6022    1
6017    1
6013    1
6004    1
5996    2
5988    1
5968    1
5967    1
5959    1
5937    2
5925    1
5915    1
5909    1
5881    1
5873    1
5857    3
5825    1
5796    1
5785    1
5760    1
5757    1
5755    1
5750    1
5749    2
5747    1
5732    1
5724    1
5723    1
5720    1
5717    1
5716    1
5697    1
5691    1
5689    1
5681    1
5678    1
5677    1
5661    1
5658    1
5651    1
5647    1
5633    2
5611    1
5600    1
5596    2
5583    1
5578    1
5560    1
5551    1
5549    1
5540    1
5538    1
5533    1
5523    1
5513    1
5512    1
5510    1
5505    1
5489    1
5487    2
5474    1
5469    1
5468    1
5454    1
5426    1
5421    2
5411    1
5403    1
5398    1
5377    1
5369    1
5361    1
5360    1
5358    1
5355    1
5352    1
5349    1
5346    1
5342    1
5341    1
5339    1
5337    1
5323    1
5317    1
5313    1
5297    1
5292    1
5287    1
5267    1
5259    1
5243    1
5233    1
5226    1
5224    1
5222    1
5218    1
5209    1
5205    1
5204    1
5203    1
5193    1
5181    1
5175    1
5168    1
5156    1
5152    1
5146    1
5144    1
5141    1
5138    1
5132    1
5129    1
5118    1
5115    1
5112    1
5105    1
5086    1
5072    1
5067    1
5060    1
5056    1
5055    1
5043    1
5039    1
5036    1
5035    1
5031    1
5017    2
5010    1
5004    1
5000    1
4989    1
4988    1
4982    1
4978    1
4977    1
4965    1
4960    1
4957    1
4947    1
4940    1
4928    1
4915    1
4903    1
4898    2
4897    2
4896    1
4893    1
4886    1
4880    1
4874    1
4868    1
4866    1
4835    1
4827    1
4820    1
4818    1
4814    1
4810    1
4809    1
4808    1
4804    1
4799    2
4794    1
4784    2
4779    1
4776    1
4775    1
4764    1
4756    1
4755    1
4750    2
4747    1
4744    1
4743    1
4731    1
4730    1
4726    1
4716    1
4712    2
4701    1
4698    1
4697    1
4694    1
4689    1
4686    1
4675    1
4673    1
4670    1
4668    1
4663    1
4662    1
4660    1
4659    1
4651    1
4647    1
4641    1
4631    1
4629    1
4627    1
4621    1
4619    1
4613    1
4609    1
4602    1
4598    1
4589    1
4588    1
4586    1
4567    1
4552    1
4538    1
4536    1
4527    1
4500    1
4491    1
4490    1
4483    1
4481    1
4477    1
4474    1
4460    1
4453    1
4445    1
4443    1
4438    1
4437    1
4428    1
4426    1
4425    1
4422    1
4417    1
4415    1
4413    1
4410    1
4408    1
4399    1
4396    1
4394    1
4383    1
4358    1
4347    1
4346    1
4341    1
4334    1
4323    1
4322    2
4315    1
4312    1
4301    1
4300    1
4299    1
4292    2
4291    2
4288    1
4285    1
4283    1
4282    1
4275    1
4274    1
4270    1
4261    1
4256    1
4255    2
4251    1
4248    1
4242    1
4240    1
4239    1
4233    1
4230    2
4227    1
4226    1
4220    1
4215    1
4212    1
4210    1
4206    1
4200    1
4199    1
4197    1
4179    1
4177    1
4176    1
4173    2
4144    1
4139    1
4138    1
4136    1
4133    1
4126    1
4120    2
4117    1
4113    1
4112    1
4106    1
4103    1
4102    1
4098    1
4097    3
4095    2
4093    1
4090    1
4087    1
4086    2
4085    1
4084    1
4073    1
4071    1
4063    1
4046    1
4045    1
4042    1
4037    1
4036    1
4027    1
4024    1
4018    1
4007    1
4005    1
4002    1
3999    1
3994    1
3989    2
3981    1
3978    1
3974    1
3971    1
3967    2
3961    1
3957    1
3951    1
3950    1
3944    1
3943    1
3939    1
3937    1
3936    2
3935    1
3933    2
3927    1
3924    2
3922    1
3921    1
3919    1
3912    1
3908    1
3901    1
3896    1
3895    1
3893    2
3874    1
3871    1
3869    1
3867    1
3863    1
3860    1
3851    1
3847    1
3842    1
3841    1
3835    1
3834    1
3830    1
3822    1
3817    1
3807    2
3803    1
3800    1
3797    2
3788    1
3782    1
3781    1
3772    1
3771    2
3770    1
3769    1
3768    2
3766    1
3758    1
3754    2
3752    1
3744    1
3740    1
3737    1
3727    2
3710    1
3709    1
3700    1
3699    1
3679    1
3674    1
3670    1
3667    1
3655    1
3650    2
3649    1
3647    2
3644    1
3634    1
3630    1
3627    1
3626    1
3619    1
3616    1
3615    2
3611    1
3610    1
3605    1
3603    2
3598    1
3596    1
3589    1
3588    1
3585    1
3579    1
3570    1
3569    1
3568    2
3561    1
3558    1
3557    1
3553    1
3550    1
3549    1
3543    1
3538    1
3536    2
3532    1
3530    2
3526    1
3523    1
3522    1
3520    1
3512    1
3510    1
3509    1
3500    1
3498    1
3496    1
3495    1
3494    4
3490    1
3489    1
3487    1
3486    1
3481    1
3475    1
3474    1
3473    1
3472    1
3466    1
3460    2
3459    1
3450    2
3441    2
3438    1
3437    1
3434    1
3433    1
3432    1
3429    1
3427    2
3425    1
3417    1
3407    1
3404    2
3399    1
3398    2
3394    2
3392    1
3382    1
3381    1
3376    1
3375    2
3374    1
3372    1
3371    1
3369    1
3366    1
3361    1
3360    1
3359    1
3357    3
3355    1
3354    2
3348    1
3345    1
3339    1
3326    1
3321    1
3319    1
3314    2
3311    1
3309    1
3305    1
3299    2
3297    1
3294    1
3290    2
3283    1
3280    1
3279    1
3268    1
3266    2
3260    2
3258    1
3257    1
3256    2
3250    1
3247    1
3245    1
3240    1
3237    1
3235    1
3231    1
3230    1
3229    1
3223    1
3216    1
3215    1
3213    1
3207    1
3206    1
3205    1
3202    1
3199    2
3197    1
3196    3
3193    1
3181    1
3179    2
3176    1
3170    1
3169    1
3166    1
3161    1
3160    1
3159    1
3157    2
3156    2
3152    1
3151    1
3147    1
3146    1
3143    1
3141    1
3136    1
3133    1
3131    2
3125    1
3119    2
3118    1
3116    1
3113    1
3109    1
3108    1
3106    1
3105    1
3102    2
3099    1
3097    2
3093    1
3092    1
3087    1
3084    1
3083    1
3080    1
3077    1
3074    1
3072    1
3070    1
3068    1
3062    1
3058    1
3057    1
3056    1
3052    1
3051    2
3046    2
3044    1
3038    1
3032    2
3031    1
3030    1
3026    1
3025    1
3023    1
3017    1
3013    1
3012    1
3011    2
3010    1
3004    1
3001    2
2999    1
2997    1
2994    1
2990    1
2987    1
2985    1
2982    2
2981    1
2974    1
2973    1
2971    2
2970    1
2967    1
2964    1
2963    1
2957    1
2956    2
2955    1
2945    2
2937    1
2933    1
2932    2
2930    1
2928    2
2927    1
2926    2
2925    1
2924    1
2923    1
2922    1
2920    1
2918    1
2914    3
2913    1
2907    2
2895    2
2893    1
2892    1
2887    1
2886    1
2885    1
2884    1
2883    1
2877    1
2876    2
2873    2
2871    2
2870    1
2869    2
2868    1
2867    1
2866    3
2864    1
2863    1
2861    2
2853    2
2852    1
2846    1
2843    1
2841    1
2840    2
2838    1
2837    1
2835    2
2832    1
2831    1
2830    1
2828    2
2825    1
2824    1
2819    1
2818    1
2809    1
2808    2
2804    1
2802    4
2799    1
2795    1
2794    3
2793    1
2791    2
2786    1
2780    1
2778    1
2777    1
2776    1
2774    1
2773    3
2772    1
2769    1
2768    1
2767    1
2762    1
2758    1
2755    2
2753    1
2752    1
2751    1
2750    1
2747    2
2745    1
2743    2
2742    1
2741    1
2740    1
2737    1
2734    1
2733    1
2731    1
2730    1
2728    1
2723    1
2720    1
2717    2
2715    2
2711    2
2710    1
2707    2
2706    2
2705    1
2694    1
2693    1
2692    2
2689    1
2684    1
2683    1
2681    2
2680    1
2679    1
2677    2
2676    3
2675    1
2670    1
2669    1
2667    2
2665    1
2663    1
2662    1
2661    1
2657    2
2656    1
2655    1
2649    5
2648    1
2647    1
2644    1
2643    1
2642    2
2640    2
2634    1
2630    1
2628    1
2627    1
2626    1
2625    1
2624    1
2623    1
2622    2
2612    1
2610    1
2606    1
2604    1
2593    2
2591    2
2589    1
2584    2
2583    1
2582    1
2581    1
2571    1
2570    1
2567    1
2564    1
2563    1
2559    1
2558    1
2557    1
2555    1
2554    1
2552    1
2550    1
2549    1
2547    1
2542    1
2541    1
2538    1
2537    2
2536    2
2534    1
2530    1
2525    1
2524    1
2523    1
2522    1
2516    2
2514    1
2513    1
2512    1
2508    1
2506    1
2505    2
2503    1
2502    1
2501    1
2498    1
2497    1
2496    1
2494    2
2490    1
2489    1
2486    1
2484    1
2482    2
2481    1
2479    1
2478    1
2477    1
2475    2
2474    3
2473    1
2469    1
2468    2
2467    1
2465    1
2463    1
2462    1
2461    1
2459    1
2458    1
2456    2
2454    1
2452    1
2450    1
2449    1
2446    3
2445    1
2443    1
2441    1
2439    1
2438    1
2433    1
2432    1
2431    1
2429    1
2428    1
2425    2
2424    2
2422    1
2420    1
2419    1
2413    1
2412    1
2411    1
2410    1
2408    2
2407    1
2405    1
2404    1
2403    1
2402    1
2397    2
2393    1
2392    2
2386    1
2384    1
2383    1
2382    2
2379    2
2378    1
2377    2
2375    2
2373    2
2372    1
2370    1
2369    1
2367    2
2364    2
2363    2
2362    2
2361    1
2359    2
2357    1
2352    1
2350    2
2349    3
2347    1
2342    1
2340    1
2339    1
2333    1
2331    1
2330    2
2329    1
2328    1
2327    2
2324    2
2323    1
2320    1
2318    1
2317    1
2315    1
2313    1
2312    2
2311    2
2306    2
2305    1
2304    1
2303    2
2302    1
2297    1
2295    2
2294    3
2292    1
2288    2
2287    1
2286    2
2285    1
2284    1
2282    1
2277    1
2276    2
2275    4
2274    2
2267    2
2265    3
2264    1
2263    1
2262    1
2261    1
2260    1
2259    1
2258    1
2257    3
2253    1
2252    1
2251    2
2250    2
2248    1
2244    1
2243    1
2242    1
2240    2
2238    1
2236    2
2235    2
2233    2
2232    2
2229    1
2228    1
2226    2
2220    1
2218    1
2216    1
2211    2
2209    1
2208    1
2206    2
2204    1
2203    2
2201    1
2199    1
2196    1
2195    1
2191    2
2190    3
2188    2
2185    1
2184    1
2183    1
2180    1
2179    1
2174    1
2171    1
2170    3
2169    2
2168    1
2167    1
2166    1
2163    2
2162    1
2161    1
2159    3
2158    2
2157    1
2156    1
2155    1
2154    1
2153    1
2152    1
2151    1
2150    1
2149    1
2147    1
2145    1
2143    2
2140    1
2139    1
2137    2
2134    2
2133    1
2131    2
2128    1
2123    1
2122    1
2120    4
2119    1
2117    1
2116    1
2113    2
2107    4
2106    4
2105    1
2104    1
2101    1
2099    3
2096    1
2095    1
2093    1
2092    2
2091    1
2086    2
2085    1
2084    1
2081    2
2080    2
2077    1
2075    3
2069    1
2068    1
2066    3
2063    1
2061    1
2058    2
2057    1
2056    1
2055    3
2054    4
2053    1
2052    2
2051    1
2047    2
2046    3
2044    4
2043    1
2040    2
2039    2
2038    2
2037    1
2034    2
2030    1
2029    2
2028    1
2027    1
2026    1
2025    2
2024    3
2023    2
2022    1
2021    1
2019    2
2018    1
2017    1
2016    1
2014    1
2013    1
2012    2
2010    2
2009    1
2007    2
2005    4
2004    1
2003    2
2002    1
1999    1
1997    1
1993    2
1992    3
1991    3
1984    1
1983    1
1982    1
1979    1
1978    2
1975    3
1974    2
1973    1
1972    1
1971    2
1970    1
1965    3
1962    1
1961    1
1960    1
1958    1
1956    1
1954    1
1953    1
1952    1
1951    1
1950    2
1948    1
1947    1
1945    3
1943    4
1942    1
1941    2
1937    1
1936    1
1935    1
1934    1
1933    2
1932    1
1931    3
1930    1
1928    1
1924    1
1923    1
1921    4
1920    1
1919    1
1918    3
1916    2
1915    1
1912    2
1911    1
1910    1
1909    1
1908    1
1907    1
1906    4
1904    2
1902    1
1901    2
1900    1
1896    1
1895    1
1894    2
1893    1
1892    1
1890    1
1884    2
1882    1
1881    2
1880    1
1878    2
1877    2
1876    1
1875    1
1872    1
1869    1
1868    1
1867    1
1866    3
1865    1
1864    1
1863    1
1862    1
1861    1
1860    4
1859    1
1857    3
1855    1
1854    3
1853    1
1852    1
1847    1
1844    3
1843    1
1842    2
1840    2
1838    3
1837    1
1836    1
1834    1
1833    1
1832    3
1830    7
1829    1
1828    1
1826    1
1825    2
1823    2
1821    1
1820    2
1819    1
1818    1
1817    4
1816    3
1815    1
1811    1
1809    1
1808    2
1807    2
1805    1
1803    2
1800    2
1799    1
1798    2
1797    4
1796    2
1795    1
1794    2
1793    1
1792    1
1790    1
1789    2
1786    1
1785    1
1784    2
1783    2
1782    2
1781    1
1780    2
1779    2
1778    1
1776    2
1775    1
1774    1
1773    1
1770    1
1769    2
1768    1
1763    2
1762    1
1761    1
1759    2
1758    3
1757    1
1752    2
1751    1
1750    1
1749    2
1748    1
1747    1
1745    1
1744    1
1743    4
1742    2
1741    2
1740    1
1739    1
1736    4
1735    3
1734    1
1733    3
1732    2
1728    3
1727    1
1726    3
1724    1
1723    1
1721    1
1720    1
1718    2
1717    1
1716    2
1715    3
1714    3
1713    2
1712    3
1711    1
1710    1
1709    1
1708    3
1707    1
1705    2
1703    3
1701    1
1700    2
1698    1
1697    1
1696    1
1695    2
1694    2
1693    4
1691    1
1689    3
1688    2
1687    2
1686    3
1684    2
1683    2
1682    3
1681    2
1680    2
1679    1
1678    1
1677    2
1676    1
1675    2
1674    2
1673    2
1672    3
1670    1
1668    3
1667    1
1666    3
1665    1
1664    1
1662    2
1660    1
1659    2
1657    1
1656    2
1654    1
1653    1
1651    1
1648    1
1647    1
1646    3
1645    3
1644    4
1643    1
1641    2
1640    1
1638    4
1637    2
1635    2
1634    4
1633    1
1629    2
1628    2
1625    1
1624    2
1623    2
1622    3
1621    1
1620    3
1619    2
1617    2
1616    1
1613    1
1612    1
1610    2
1609    2
1608    2
1607    3
1604    2
1602    2
1601    2
1600    1
1599    1
1596    3
1595    1
1594    1
1593    1
1591    1
1590    1
1589    1
1588    2
1587    4
1586    2
1585    3
1584    2
1583    3
1582    1
1581    2
1580    1
1579    2
1576    3
1575    2
1574    1
1571    1
1570    2
1569    2
1568    1
1567    1
1566    1
1565    1
1564    1
1563    1
1562    4
1561    1
1560    3
1559    2
1558    2
1557    1
1556    1
1555    1
1553    3
1552    3
1551    1
1550    2
1545    2
1544    1
1542    2
1540    3
1539    4
1538    2
1537    2
1536    1
1535    1
1533    3
1532    3
1531    5
1530    2
1529    1
1527    1
1526    1
1524    1
1522    1
1521    3
1520    2
1519    2
1518    2
1517    2
1516    1
1514    2
1513    2
1512    2
1511    1
1510    1
1509    3
1507    1
1506    1
1503    3
1502    3
1501    3
1500    5
1499    1
1498    1
1497    2
1495    3
1494    1
1493    2
1492    4
1491    1
1490    3
1488    2
1486    1
1484    2
1483    1
1482    1
1481    4
1480    4
1479    1
1478    2
1477    1
1476    2
1475    2
1474    2
1473    2
1472    2
1471    3
1469    2
1468    2
1466    1
1465    4
1463    4
1462    2
1461    1
1460    5
1456    3
1455    1
1454    2
1452    2
1451    3
1450    2
1449    1
1448    1
1446    2
1445    4
1444    2
1443    1
1442    3
1441    1
1440    2
1437    1
1435    1
1434    1
1433    1
1432    1
1431    1
1430    1
1429    1
1428    1
1426    4
1425    1
1424    5
1423    2
1422    1
1420    2
1419    2
1418    1
1417    1
1416    3
1415    3
1414    2
1413    2
1412    1
1411    2
1410    2
1409    1
1407    2
1406    2
1403    2
1402    1
1401    2
1400    4
1399    2
1398    3
1397    2
1396    1
1395    4
1394    2
1392    1
1391    2
1390    1
1389    1
1388    4
1387    2
1386    2
1385    5
1383    3
1382    3
1381    4
1377    2
1376    2
1375    2
1374    2
1373    1
1372    2
1371    1
1370    1
1369    2
1368    1
1367    3
1366    2
1365    2
1363    5
1360    2
1358    5
1357    1
1356    2
1353    2
1352    3
1351    1
1350    1
1348    1
1347    1
1346    1
1344    2
1343    1
1342    2
1341    2
1340    4
1338    2
1337    1
1336    1
1335    6
1334    3
1333    3
1332    1
1331    1
1330    1
1329    1
1328    3
1327    1
1326    1
1325    1
1324    2
1322    5
1321    4
1320    1
1319    3
1318    1
1317    2
1316    2
1315    7
1314    3
1313    1
1312    1
1311    6
1310    3
1309    2
1308    2
1307    1
1305    2
1304    1
1303    5
1302    1
1301    3
1300    1
1299    1
1298    2
1297    1
1296    3
1295    3
1294    1
1293    5
1292    4
1291    2
1290    1
1289    1
1288    2
1286    5
1285    2
1284    2
1283    1
1282    2
1281    4
1280    2
1278    4
1277    1
1276    2
1275    2
1274    1
1273    1
1272    1
1271    4
1270    1
1268    1
1267    2
1266    2
1265    2
1264    4
1263    3
1261    1
1260    1
1259    3
1258    3
1257    3
1256    1
1255    4
1254    2
1253    2
1252    1
1251    1
1250    5
1249    5
1247    2
1246    6
1245    3
1244    2
1243    3
1242    5
1241    4
1240    3
1239    1
1237    3
1235    2
1233    1
1232    2
1231    4
1230    3
1229    1
1228    2
1227    1
1226    4
1225    4
1224    5
1223    4
1222    2
1220    1
1218    3
1217    4
1216    5
1215    5
1214    7
1213    3
1212    3
1210    5
1209    4
1208    1
1207    3
1206    2
1205    3
1204    1
1203    3
1202    4
1201    3
1200    1
1199    1
1198    2
1197    1
1196    4
1195    2
1194    2
1193    1
1192    3
1191    2
1190    1
1188    5
1187    3
1186    3
1185    1
1184    2
1183    3
1181    2
1180    4
1179    3
1177    4
1175    1
1174    4
1173    1
1171    4
1170    3
1169    1
1168    2
1167    1
1166    2
1165    3
1164    1
1163    2
1162    3
1161    3
1160    5
1159    4
1158    3
1157    3
1156    1
1155    2
1153    4
1152    3
1151    5
1150    1
1149    6
1148    1
1147    3
1146    3
1145    3
1144    1
1141    4
1140    6
1139    1
1138    4
1137    1
1136    4
1135    4
1133    4
1131    6
1130    3
1129    2
1128    1
1127    1
1125    4
1124    2
1123    1
1122    4
1121    3
1120    1
1119    1
1118    2
1117    3
1116    2
1115    2
1114    2
1113    4
1112    2
1111    4
1110    1
1108    1
1107    1
1106    3
1105    3
1104    3
1103    2
1102    7
1101    3
1100    6
1098    1
1097    6
1096    3
1095    2
1093    2
1092    4
1091    6
1090    4
1089    1
1087    2
1086    2
1085    2
1084    3
1083    1
1082    4
1081    4
1079    5
1078    2
1077    2
1076    1
1075    2
1074    3
1073    7
1072    2
1071    4
1070    7
1069    2
1068    2
1067    1
1066    1
1065    4
1064    2
1063    2
1061    3
1060    2
1058    1
1057    3
1056    3
1055    2
1054    4
1053    3
1052    4
1050    1
1049    2
1048    1
1047    5
1046    3
1045    2
1044    4
1043    4
1042    5
1041    4
1040    4
1039    4
1038    3
1037    2
1036    3
1035    6
1034    3
1033    2
1032    7
1031    6
1030    3
1029    1
1028    3
1027    3
1026    2
1025    3
1024    2
1023    2
1022    1
1021    3
1020    4
1019    4
1018    3
1017    2
1016    3
1014    5
1013    5
1012    2
1011    4
1010    2
1009    2
1008    4
1007    4
1006    2
1005    4
1004    3
1003    5
1002    3
1001    6
1000    4
999    4
998    7
997    3
996    2
995    4
994    2
993    4
992    7
991    5
990    2
989    5
988    3
987    2
986    1
985    1
984    3
983    3
982    3
981    2
980    2
979    1
978    6
977    3
976    5
975    3
974    2
973    3
972    6
971    5
970    1
969    2
968    4
967    7
966    3
965    6
964    2
963    4
962    2
961    4
960    5
959    3
958    2
957    1
956    1
955    4
954    3
953    5
952    3
950    1
949    2
948    3
947    4
946    1
945    5
944    3
943    3
942    1
941    4
940    4
939    3
938    8
937    2
936    3
935    3
934    4
933    5
932    4
931    1
930    7
928    7
927    2
926    6
925    5
924    5
923    5
922    5
921    4
920    3
919    4
918    4
917    2
916    3
915    3
914    3
913    4
912    3
911    7
910    6
909    7
908    5
907    4
906    3
905    2
904    3
903    4
902    5
901    2
900    1
899    5
898    3
897    3
896    2
895    7
894    5
893    2
892    6
891    4
890    10
889    4
888    4
887    3
886    4
885    7
884    6
883    6
882    2
881    3
880    2
879    7
878    6
877    6
875    7
874    5
873    4
872    6
871    7
870    9
869    4
868    3
867    6
866    3
865    4
864    6
863    2
862    4
861    7
860    5
859    2
858    5
857    2
856    3
855    5
854    7
853    2
852    3
851    9
850    6
849    5
848    4
847    1
846    4
845    4
844    4
843    4
842    6
841    12
840    2
839    4
838    5
837    2
836    1
835    2
834    3
833    3
832    4
831    4
830    2
829    8
828    2
827    4
826    6
825    10
824    7
823    3
822    4
821    5
820    2
819    6
818    4
817    4
816    8
815    1
813    6
812    3
811    4
809    5
808    4
807    2
806    7
805    2
804    4
803    5
802    2
801    12
800    10
799    4
798    9
797    2
796    1
795    3
794    6
793    3
792    7
791    4
790    1
789    2
788    5
787    4
786    4
785    4
784    6
783    3
782    5
781    6
780    1
779    4
778    7
777    6
776    4
775    6
774    7
773    7
772    8
771    4
770    4
769    4
768    5
767    6
766    3
765    3
764    4
763    7
762    5
761    8
760    7
759    5
758    6
757    9
756    6
755    5
754    5
753    6
752    3
751    7
750    8
749    6
748    4
747    4
746    7
745    3
744    5
743    6
742    4
741    9
740    4
739    5
738    4
737    3
736    4
735    8
734    2
733    5
732    4
731    3
730    6
729    4
728    8
727    3
726    6
725    6
724    3
723    10
722    8
721    1
720    7
719    7
718    5
717    3
716    9
715    6
714    4
713    5
712    4
711    7
710    5
709    4
708    8
707    12
706    1
705    2
704    8
703    6
702    5
701    9
700    4
699    7
698    5
697    8
696    3
695    5
694    5
693    5
692    3
691    8
690    5
689    2
688    6
687    4
686    4
685    6
684    7
683    6
682    5
681    5
680    8
679    7
678    6
677    6
676    6
675    8
674    6
673    7
672    10
671    7
670    6
669    5
668    11
667    5
666    5
665    8
664    6
663    7
662    3
661    5
660    9
659    14
658    9
657    8
656    9
655    3
654    11
653    5
652    5
651    14
650    12
649    12
648    5
647    12
646    9
645    10
644    11
643    7
642    5
641    8
640    9
639    6
638    7
637    6
636    8
635    9
634    7
633    13
632    7
631    5
630    3
629    10
628    6
627    7
626    10
625    11
624    4
623    6
622    3
621    11
620    7
619    6
618    7
617    8
616    5
615    8
614    13
613    9
612    10
611    6
610    7
609    6
608    15
607    6
606    10
605    12
604    4
603    6
601    9
600    3
599    7
598    8
597    7
596    7
595    7
594    11
593    4
592    10
591    4
590    8
589    10
588    5
587    10
586    15
585    8
584    6
583    8
582    9
581    10
580    13
579    10
578    7
577    7
576    11
575    8
574    9
573    6
572    11
571    4
570    4
569    13
568    11
567    10
566    11
565    10
564    12
563    6
562    10
561    13
560    10
559    9
558    10
557    12
556    12
555    5
554    11
553    9
552    11
551    7
550    8
549    15
548    4
547    7
546    13
545    4
544    8
543    13
542    13
541    5
540    11
539    9
538    9
537    6
536    10
535    9
534    8
533    10
532    11
531    10
530    10
529    11
528    10
527    13
526    9
525    16
524    8
523    10
522    12
521    14
520    9
519    13
518    6
517    10
516    10
515    8
514    10
513    12
512    10
511    9
510    7
509    12
508    15
507    15
506    10
505    12
504    12
503    8
502    11
501    13
500    14
499    12
498    10
497    11
496    9
495    10
494    4
493    9
492    13
491    10
490    15
489    15
488    9
487    13
486    13
485    7
484    15
483    13
482    9
481    19
480    9
479    17
478    14
477    12
476    12
475    16
474    12
473    6
472    23
471    10
470    8
469    10
468    12
467    14
466    16
465    16
464    9
463    12
462    8
461    17
460    16
459    9
458    15
457    13
456    16
455    19
454    15
453    11
452    14
451    8
450    20
449    23
448    11
447    10
446    17
445    17
444    12
443    16
442    18
441    26
440    13
439    17
438    16
437    10
436    11
435    16
434    11
433    18
432    13
431    20
430    10
429    15
428    13
427    15
426    19
425    13
424    15
423    19
422    13
421    13
420    17
419    15
418    16
417    16
416    15
415    5
414    17
413    21
412    12
411    16
410    18
409    11
408    16
407    20
406    15
405    8
404    18
403    14
402    22
401    14
400    12
399    14
398    13
397    26
396    10
395    22
394    19
393    12
392    18
391    18
390    21
389    7
388    15
387    22
386    17
385    14
384    18
383    16
382    23
381    25
380    18
379    17
378    25
377    26
376    20
375    19
374    22
373    34
372    20
371    22
370    24
369    22
368    21
367    22
366    22
365    18
364    19
363    25
362    23
361    33
360    13
359    19
358    17
357    24
356    26
355    21
354    22
353    21
352    25
351    19
350    23
349    23
348    28
347    31
346    23
345    22
344    24
343    26
342    29
341    26
340    18
339    27
338    21
337    30
336    26
335    25
334    22
333    25
332    25
331    20
330    31
329    27
328    18
327    13
326    27
325    29
324    28
323    21
322    22
321    22
320    22
319    41
318    17
317    26
316    30
315    25
314    28
313    29
312    23
311    37
310    33
309    23
308    24
307    21
306    25
305    38
304    28
303    41
302    30
301    29
300    27
299    28
298    29
297    30
296    22
295    18
294    36
293    19
292    17
291    40
290    32
289    27
288    29
287    33
286    35
285    32
284    36
283    28
282    25
281    42
280    42
279    30
278    39
277    33
276    36
275    31
274    33
273    36
272    38
271    36
270    31
269    41
268    37
267    36
266    34
265    33
264    50
263    40
262    34
261    39
260    33
259    33
258    30
257    34
256    37
255    33
254    33
253    51
252    38
251    40
250    36
249    30
248    38
247    27
246    33
245    36
244    41
243    40
242    24
241    48
240    45
239    54
238    44
237    39
236    41
235    57
234    38
233    41
232    43
231    44
230    46
229    36
228    34
227    45
226    44
225    41
224    45
223    57
222    59
221    44
220    57
219    61
218    44
217    47
216    49
215    45
214    40
213    49
212    45
211    62
210    47
209    44
208    70
207    47
206    59
205    60
204    63
203    64
202    55
201    58
200    67
199    54
198    54
197    63
196    45
195    56
194    62
193    52
192    65
191    55
190    63
189    70
188    60
187    70
186    64
185    70
184    62
183    54
182    69
181    74
180    78
179    82
178    77
177    73
176    73
175    65
174    75
173    62
172    77
171    85
170    77
169    75
168    76
167    84
166    87
165    69
164    80
163    91
162    87
161    76
160    83
159    102
158    102
157    87
156    82
155    94
154    99
153    93
152    86
151    83
150    93
149    100
148    105
147    118
146    104
145    110
144    102
143    102
142    93
141    103
140    131
139    129
138    120
137    119
136    117
135    117
134    125
133    126
132    121
131    133
130    125
129    131
128    131
127    121
126    144
125    128
124    140
123    154
122    143
121    148
120    145
119    141
118    163
117    164
116    170
115    146
114    161
113    172
112    187
111    179
110    177
109    197
108    220
107    170
106    224
105    177
104    208
103    212
102    222
101    228
100    224
99    216
98    234
97    218
96    249
95    232
94    257
93    220
92    265
91    264
90    271
89    280
88    290
87    268
86    275
85    313
84    295
83    297
82    297
81    328
80    341
79    337
78    349
77    344
76    382
75    365
74    390
73    425
72    460
71    426
70    436
69    443
68    450
67    499
66    531
65    501
64    502
63    548
62    559
61    545
60    561
59    571
58    659
57    599
56    693
55    704
54    706
53    778
52    800
51    873
50    848
49    859
48    976
47    1008
46    1041
45    1110
44    1160
43    1132
42    1300
41    1196
40    1393
39    1403
38    1545
37    1528
36    1647
35    1731
34    1901
33    1995
32    2168
31    2165
30    2482
29    2494
28    2867
27    2895
26    3321
25    3491
24    4021
23    3913
22    4614
21    5132
20    5633
19    6160
18    7202
17    7584
16    9245
15    10324
14    11689
13    13370
12    17798
11    18680
10    24388
9    29172
8    40723
7    50142
6    78458
5    97614
4    168538
3    281471
2    535876
1    685363
