40890
458624
227109
690455
372853
315355
222574
315032
97935
347087
145991
385821
253869
186960
108662
125785
439171
112777
90523
96370
77298
56078
103027
86190
391651
86495
49093
117186
547720
54756
160900
30134
68646
52041
68797
97449
55070
33245
42591
66058
94668
12690
25346
13521
86375
118225
32589
19955
14797
34950
65371
17461
723998
529206
19218
26869
28009
42440
42442
146426
146529
13720
13757
19429
70738
141628
160554
58163
19278
173966
101360
25427
13305
4617
17204
4384
88372
18250
5433
4660
210166
36725
12758
10887
8950
1761
1128
88
5918
2225
1955
4612
44
22
22
6
22
22
66
132
88
66
88
22
22
22
